11111110010000000000
00000010000000000010
00000000000110000100
00001000110000000000
00000010010001000010
11111110010000001000
11111110000000010000
11111110010000001000
00000000010001000110
11111110010000000000
11111110010000110010
11111110010000010001
00000010011001000010
11111110010000000010
11111110010000010000
11111110010000000001
00000010011001000011
11111110010000001100
11111110010000010000
11111110010100000001
00000010011001010010
11111110010000000000
11111110010000010000
11111110010000000001
00000010011001010010
00000010010000001000
00000010010010000000
00000010010000000011
00000000000010000011
11111111111111111101
11111111111111111110
00000000000000100001